241 7933 7933
0 1 0 6997 848 24 0
1 1 352 7045 160 48 0
2 1 508 7093 128 92 0
3 1 944 6997 76 24 0
4 1 768 7253 76 24 0
5 1 940 7253 76 32 0
6 1 764 7513 80 28 0
7 1 940 7509 296 32 0
8 1 1084 7557 96 44 0
9 1 1180 7525 60 48 0
10 1 1240 7493 452 52 0
11 1 1392 7749 108 12 0
12 1 2008 7525 72 24 0
13 1 2120 7525 152 24 0
14 1 2080 7605 40 8 0
15 1 1560 7253 64 32 0
16 1 1928 7125 72 32 0
17 1 1568 6997 64 32 0
18 1 1560 6741 72 16 0
19 1 1816 6789 72 64 0
20 1 1888 6741 1280 16 0
21 1 3264 6741 352 16 0
22 1 3680 6741 2304 16 0
23 1 5984 6789 56 16 0
24 1 5984 5973 464 16 0
25 1 6448 5973 8 24 0
26 1 6456 5973 8 40 0
27 1 6456 5965 16 32 0
28 1 6464 5965 16 32 0
29 1 6480 5957 8 32 0
30 1 6480 5957 24 40 0
31 1 6552 5957 24 48 0
32 1 6568 5957 16 32 0
33 1 6576 5965 24 40 0
34 1 6600 5965 8 32 0
35 1 6608 5973 8 32 0
36 1 6616 5973 24 32 0
37 1 6640 5973 16 32 0
38 1 6656 5965 16 24 0
39 1 6672 5965 8 32 0
40 1 6680 5965 8 32 0
41 1 6688 5957 8 16 0
42 1 6696 5957 8 16 0
43 1 6696 5957 16 24 0
44 1 6704 5957 24 24 0
45 1 6728 5957 8 24 0
46 1 6728 5957 16 24 0
47 1 6744 5949 8 16 0
48 1 6744 5957 16 16 0
49 1 6760 5957 24 24 0
50 1 6776 5957 24 24 0
51 1 6784 5965 24 24 0
52 1 6808 5965 16 16 0
53 1 6824 5973 16 24 0
54 1 6840 5973 16 24 0
55 1 6856 5973 16 32 0
56 1 6872 5965 16 24 0
57 1 6888 5965 8 32 0
58 1 6896 5965 8 24 0
59 1 6904 5965 8 40 0
60 1 6912 5957 8 24 0
61 1 6920 5957 8 24 0
62 1 6928 5957 8 24 0
63 1 6936 5957 8 24 0
64 1 6944 5957 16 32 0
65 1 6960 5957 8 24 0
66 1 6968 5957 16 24 0
67 1 6976 5957 24 32 0
68 1 6992 5965 16 32 0
69 1 7008 5965 8 32 0
70 1 7016 5973 8 32 0
71 1 7024 5973 912 24 0
72 3 992 7213 24 216 0
73 3 992 7469 24 216 0
74 3 768 7469 24 216 0
75 3 768 7685 32 168 0
76 3 1392 7733 16 136 0
77 3 1504 7909 16 160 0
78 3 1264 7933 40 304 0
79 3 1744 7933 40 240 0
80 3 1592 7653 16 56 0
81 3 2080 7597 40 88 0
82 3 2000 7429 40 112 0
83 3 1536 7373 24 128 0
84 3 2000 7317 40 64 0
85 3 1528 7221 32 88 0
86 3 2000 7221 48 96 0
87 3 1528 7093 32 424 0
88 3 1712 6821 8 160 0
89 1 1712 6821 104 8 0
90 3 1864 6781 24 56 0
91 3 2272 6917 40 112 0
92 3 2544 6901 48 104 0
93 3 2848 6973 24 176 0
94 3 3064 6965 32 120 0
95 3 3328 6965 24 120 0
96 3 3520 6965 32 120 0
97 3 3144 6725 16 216 0
98 3 3264 6725 32 200 0
99 3 3576 6725 32 200 0
100 3 3680 6725 32 56 0
101 3 3712 6661 24 136 0
102 3 3784 6965 16 128 0
103 3 3968 6933 32 80 0
104 3 4216 6957 32 104 0
105 3 5392 6877 32 80 0
106 3 5328 7085 8 200 0
107 3 5608 7085 24 176 0
108 3 5632 6901 8 104 0
109 3 5872 6909 40 112 0
110 3 6112 6885 32 320 0
111 3 6024 6773 16 96 0
112 3 5880 6677 16 408 0
113 3 6128 6533 16 272 0
114 3 6136 6261 24 80 0
115 3 5880 6245 16 8 0
116 3 5984 5957 24 64 0
117 3 6112 6149 16 32 0
118 3 6464 6157 24 64 0
119 3 6576 6149 16 56 0
120 3 6680 6157 24 64 0
121 3 6784 6157 120 64 0
122 3 6992 6149 136 56 0
123 3 7128 6157 64 40 0
124 3 7392 6117 32 80 0
125 3 7656 6133 32 96 0
126 3 7920 6133 16 160 0
127 3 7136 6405 24 256 0
128 1 0 7173 256 64 0
129 1 256 7173 128 48 0
130 1 384 7173 384 16 0
131 3 768 7213 24 40 0
132 1 1024 7245 248 64 0
133 1 992 7693 272 40 0
134 1 1392 7621 216 32 0
135 1 1312 7933 216 16 0
136 1 1608 7677 536 24 0
137 1 2144 7677 152 16 0
138 1 1712 7245 328 16 0
139 1 1536 7117 336 16 0
140 1 1712 6989 328 16 0
141 3 2000 6965 48 48 0
142 3 2016 6917 56 48 0
143 1 2048 6869 224 16 0
144 1 2272 6805 40 16 0
145 1 2544 6805 328 8 0
146 1 3072 6853 280 16 0
147 1 3072 6973 32 8 0
148 1 3080 6981 32 8 0
149 1 3088 6989 32 8 0
150 1 3096 6997 32 8 0
151 1 3112 7005 24 8 0
152 1 3136 7013 16 16 0
153 1 3152 7013 112 16 0
154 1 3264 7013 8 24 0
155 1 3272 7013 8 32 0
156 1 3280 7005 8 32 0
157 1 3288 7005 8 32 0
158 1 3296 7005 8 32 0
159 1 3304 6997 8 32 0
160 1 3312 6997 8 32 0
161 1 3320 6989 8 32 0
162 1 3328 6989 8 32 0
163 1 3336 6981 8 24 0
164 1 3336 6973 16 24 0
165 1 3360 6949 152 8 0
166 1 3808 6949 48 16 0
167 1 3512 6965 56 8 0
168 1 3520 6973 64 8 0
169 1 3528 6981 64 8 0
170 1 3536 6989 64 16 0
171 1 3552 6997 64 16 0
172 1 3568 7005 56 16 0
173 1 3712 7013 8 32 0
174 1 3592 7013 120 16 0
175 1 3720 7005 8 16 0
176 1 3728 7005 16 24 0
177 1 3744 7005 8 24 0
178 1 3752 6997 8 24 0
179 1 3760 6997 8 24 0
180 1 3768 6989 8 24 0
181 1 3776 6989 8 24 0
182 1 3784 6981 8 24 0
183 1 3912 6957 48 24 0
184 1 3968 6973 32 8 0
185 1 3976 6973 40 8 0
186 1 3920 6949 40 16 0
187 1 3984 6981 40 8 0
188 1 3992 6989 32 8 0
189 1 4000 6997 32 8 0
190 1 4016 7005 32 16 0
191 1 4040 7013 24 8 0
192 1 4056 7013 104 8 0
193 1 4160 7013 16 16 0
194 1 4176 7013 16 24 0
195 1 4184 7005 16 24 0
196 1 4200 6997 8 24 0
197 1 4208 6997 16 24 0
198 1 4224 6989 16 24 0
199 1 4240 6973 8 16 0
200 1 3264 6213 448 24 0
201 3 3136 6501 24 352 0
202 3 3264 6525 72 208 0
203 3 3264 6213 24 64 0
204 3 3576 6525 32 208 0
205 3 3712 6525 24 304 0
206 1 3336 6405 240 32 0
207 1 3720 6685 2296 8 0
208 1 5952 6557 184 16 0
209 1 5936 6461 120 24 0
210 1 5968 6365 120 24 0
211 1 5888 6269 168 24 0
212 1 5984 6173 176 24 0
213 3 5888 6245 24 352 0
214 1 6128 6133 24 24 0
215 1 6160 6133 24 32 0
216 1 6192 6125 16 32 0
217 1 6176 6133 40 40 0
218 1 6216 6133 24 40 0
219 1 6240 6133 248 48 0
220 1 6576 6141 128 56 0
221 1 6496 6181 88 32 0
222 1 6688 6189 104 40 0
223 1 6904 6189 96 40 0
224 1 7128 6125 72 24 0
225 1 6992 6109 136 16 0
226 1 6992 6109 136 24 0
227 1 7200 6141 192 24 0
228 1 7392 6045 296 16 0
229 1 7200 6157 728 16 0
230 1 3968 6853 272 8 0
231 1 3528 6861 264 16 0
232 1 2816 7429 248 8 0
233 3 3048 7429 16 256 0
234 3 2816 7421 8 240 0
235 3 2816 7181 8 272 0
236 3 2864 7181 8 376 0
237 1 2856 7205 192 32 0
238 1 2320 6917 504 8 0
239 3 2280 7685 16 768 0
240 3 2272 7661 16 136 0
1 0 7933 7933
10 0 7933 3966
100 0 7933 1983
1000 0 7933 991
10000 0 7933 495
10001 495 7933 496
100010 495 7933 248
100011 743 7933 248
100012 495 7686 248
100013 743 7686 248 6 7 74 75
10002 0 7438 495
100020 0 7438 247
100021 247 7438 248
100022 0 7190 247 0 128
100023 247 7190 248 0 1 128 129 130
10003 495 7438 496
100030 495 7438 248
100031 743 7438 248 4 5 74 131
100032 495 7190 248 0 1 2 130
100033 743 7190 248 0 3 130 131
1001 991 7933 992
10010 991 7933 496
100100 991 7933 248 133
100101 1239 7933 248 11 76 78 133 135
100102 991 7686 248 7 8 9 73 133
100103 1239 7686 248 9 10 76 78 133 134
10011 1487 7933 496
100110 1487 7933 248 11 77 135
100111 1735 7933 248 79
100112 1487 7686 248 10 80 134 136
100113 1735 7686 248 136
10012 991 7438 496
100120 991 7438 248 5 72 73 132
100121 1239 7438 248 132
100122 991 7190 248 3 72 132
100123 1239 7190 248 132
10013 1487 7438 496
100130 1487 7438 248 15 83 85 138
100131 1735 7438 248 138
100132 1487 7190 248 17 85 87 139 140
100133 1735 7190 248 16 139 140
1002 0 6942 991
1003 991 6942 992
10030 991 6942 496
10031 1487 6942 496
100310 1487 6942 248 18 87 88 89
100311 1735 6942 248 19 20 89 90
100312 1487 6694 248 87 88
100313 1735 6694 248
10032 991 6446 496
10033 1487 6446 496
101 1983 7933 1983
1010 1983 7933 991
10100 1983 7933 495
101000 1983 7933 247
101001 2230 7933 248
101002 1983 7686 247 12 13 14 81 136 137
101003 2230 7686 248 13 137 239 240
10101 2478 7933 496
10102 1983 7438 495
101020 1983 7438 247 82 84 86 138
101021 2230 7438 248 239
101022 1983 7190 247 16 86 140 141
101023 2230 7190 248 239
10103 2478 7438 496
101030 2478 7438 248
101031 2726 7438 248 232 234 237
101032 2478 7190 248
101033 2726 7190 248 93 234 235 236 237
1011 2974 7933 992
10110 2974 7933 496
10111 3470 7933 496
10112 2974 7438 496
101120 2974 7438 248 232 233 237
101121 3222 7438 248
101122 2974 7190 248 94 147 148 149 150 151 152 153 233 237
101123 3222 7190 248 95 153 154 155 156 157 158 159 160 161 162 163 164 165
10113 3470 7438 496
101130 3470 7438 248
101131 3718 7438 248
101132 3470 7190 248 96 165 167 168 169 170 171 172 173 174
101133 3718 7190 248 102 166 173 175 176 177 178 179 180 181 182 183 186
1012 1983 6942 991
10120 1983 6942 495
101200 1983 6942 247 20 141 142 143
101201 2230 6942 248 20 91 143 144 238 239
101202 1983 6694 247
101203 2230 6694 248
10121 2478 6942 496
101210 2478 6942 248 20 92 145 238
101211 2726 6942 248 20 93 145 235 236 238
101212 2478 6694 248
101213 2726 6694 248
10122 1983 6446 495
10123 2478 6446 496
1013 2974 6942 992
10130 2974 6942 496
101300 2974 6942 248 20 94 97 146
101301 3222 6942 248 21 95 98 146 165
101302 2974 6694 248 97 201
101303 3222 6694 248 98 202
10131 3470 6942 496
101310 3470 6942 248 21 22 96 99 100 165 231
101311 3718 6942 248 22 102 166 183 186 231
101312 3470 6694 248 99 100 101 204 205
101313 3718 6694 248 101 205 207
10132 2974 6446 496
101320 2974 6446 248 201
101321 3222 6446 248 200 202 203 206
101322 2974 6198 248 201
101323 3222 6198 248 200 203
10133 3470 6446 496
101330 3470 6446 248 200 204 205 206
101331 3718 6446 248 205
101332 3470 6198 248 200
101333 3718 6198 248
102 0 5950 1983
103 1983 5950 1983
11 3966 7933 3967
110 3966 7933 1983
1100 3966 7933 991
11000 3966 7933 495
11001 4461 7933 496
11002 3966 7438 495
110020 3966 7438 247
110021 4213 7438 248
110022 3966 7190 247 184 185 187 188 189 190 191 192 193 194 195 196 197
110023 4213 7190 248 104 197 198 199
11003 4461 7438 496
1101 4957 7933 992
11010 4957 7933 496
11011 5453 7933 496
11012 4957 7438 496 106
11013 5453 7438 496 107
1102 3966 6942 991
11020 3966 6942 495
110200 3966 6942 247 22 103 230
110201 4213 6942 248 22 104 230
110202 3966 6694 247 207
110203 4213 6694 248 207
11021 4461 6942 496
110210 4461 6942 248 22
110211 4709 6942 248 22
110212 4461 6694 248 207
110213 4709 6694 248 207
11022 3966 6446 495
11023 4461 6446 496
1103 4957 6942 992
11030 4957 6942 496
110300 4957 6942 248 22
110301 5205 6942 248 22 105 106
110302 4957 6694 248 207
110303 5205 6694 248 207
11031 5453 6942 496
110310 5453 6942 248 22 107 108
110311 5701 6942 248 22 109
110312 5453 6694 248 207
110313 5701 6694 248 112 207 209
11032 4957 6446 496
11033 5453 6446 496
110330 5453 6446 248
110331 5701 6446 248 112 115 209 211 213
110332 5453 6198 248
110333 5701 6198 248 213
111 5949 7933 1984
1110 5949 7933 992
1111 6941 7933 992
1112 5949 6942 992
11120 5949 6942 496
111200 5949 6942 248 22 23 110 111
111201 6197 6942 248
111202 5949 6694 248 110 111 113 207 208 209
111203 6197 6694 248
11121 6445 6942 496
11122 5949 6446 496
111220 5949 6446 248 113 114 209 210 211
111221 6197 6446 248
111222 5949 6198 248 24 114 116 117 212 214 215 216 217
111223 6197 6198 248 24 216 217 218 219
11123 6445 6446 496
111230 6445 6446 248
111231 6693 6446 248
111232 6445 6198 248 24 25 26 27 28 29 30 31 32 33 34 35 36 37 38 39 40 41 118 119 120 219 220 221 222
111233 6693 6198 248 41 42 43 44 45 46 48 49 50 51 52 53 54 55 56 57 58 59 60 61 62 63 120 121 220 222 223
1113 6941 6942 992
11130 6941 6942 496
11131 7437 6942 496
11132 6941 6446 496
111320 6941 6446 248 127
111321 7189 6446 248
111322 6941 6198 248 63 64 65 66 67 68 69 70 71 122 123 127 223 224 225 226
111323 7189 6198 248 71 123 124 224 227 228 229
11133 7437 6446 496
111330 7437 6446 248
111331 7685 6446 248
111332 7437 6198 248 71 125 228 229
111333 7685 6198 248 71 125 126 228 229
112 3966 5950 1983 213
113 5949 5950 1984
1130 5949 5950 992
11300 5949 5950 496 116
11301 6445 5950 496
113010 6445 5950 248 25 26 27 28 29 30 31 32 33 34 35 36 37 38 39 40 41
113011 6693 5950 248 41 42 43 44 45 46 47 48 49 50 51 52 53 54 55 56 57 58 59 60 61 62 63
113012 6445 5703 248
113013 6693 5703 248
11302 5949 5455 496
11303 6445 5455 496
1131 6941 5950 992
11310 6941 5950 496
113100 6941 5950 248 63 64 65 66 67 68 69 70 71
113101 7189 5950 248 71
113102 6941 5703 248
113103 7189 5703 248
11311 7437 5950 496 71
11312 6941 5455 496
11313 7437 5455 496
1132 5949 4959 992
1133 6941 4959 992
12 0 3967 3966
13 3966 3967 3967
