43 9542 9542
0 3 0 8438 96 464 0
1 3 1872 8462 136 488 0
2 3 1856 8462 24 488 0
3 1 0 7950 2336 48 0
4 3 1856 7974 160 24 0
5 3 0 7974 88 24 0
6 3 88 7974 8 24 0
7 0 136 8094 232 16 0
8 0 576 8094 288 16 0
9 0 1080 8094 296 16 0
10 0 1576 8094 280 16 0
11 28 96 8214 1760 224 0
12 30 136 8158 40 64 0
13 30 176 8158 40 64 0
14 30 216 8158 40 64 0
15 30 256 8158 40 64 0
16 30 296 8158 40 64 0
17 30 336 8158 32 64 0
18 30 616 8158 40 64 0
19 30 656 8158 40 64 0
20 30 696 8158 40 64 0
21 30 736 8158 40 64 0
22 30 776 8158 40 64 0
23 30 816 8158 40 64 0
24 30 1096 8158 40 64 0
25 30 1136 8158 40 64 0
26 30 1176 8158 40 64 0
27 30 1216 8158 40 64 0
28 30 1256 8158 40 64 0
29 30 1296 8158 40 64 0
30 30 1336 8158 40 64 0
31 30 1584 8158 40 64 0
32 30 1624 8158 40 64 0
33 30 1664 8158 40 64 0
34 30 1704 8158 40 64 0
35 30 1744 8158 40 64 0
36 30 1784 8158 40 64 0
37 30 1824 8158 32 64 0
38 30 888 8094 40 104 0
39 30 928 8094 40 104 0
40 30 968 8094 40 104 0
41 30 1008 8094 40 104 0
42 30 1048 8094 40 104 0
1 0 9542 9542
10 0 9542 4771
100 0 9542 2385
1000 0 9542 1192 0
1001 1192 9542 1193
10010 1192 9542 596
10011 1788 9542 597
10012 1192 8946 596
10013 1788 8946 597
100130 1788 8946 298
100131 2086 8946 299
100132 1788 8648 298 1 2
100133 2086 8648 299
1002 0 8350 1192
10020 0 8350 596
100200 0 8350 298 0 7 11 12 13 14 15 16
100201 298 8350 298 7 8 11 16 17
100202 0 8052 298 0 3 5 6 11
100203 298 8052 298 3 11
10021 596 8350 596
100210 596 8350 298 8 11 18 19 20 21 22 23 38
100211 894 8350 298 9 11 24 25 26 38 39 40 41 42
100212 596 8052 298 3 11 38
100213 894 8052 298 3 11 38 39 40 41 42
10022 0 7754 596
10023 596 7754 596
1003 1192 8350 1193
10030 1192 8350 596
100300 1192 8350 298 9 11 26 27 28 29 30
100301 1490 8350 298 10 11 31 32 33 34 35 36
100302 1192 8052 298 3 11
100303 1490 8052 298 3 11
10031 1788 8350 597
100310 1788 8350 298 1 2 10 11 36 37
100311 2086 8350 299
100312 1788 8052 298 1 2 3 4 11
100313 2086 8052 299 3
10032 1192 7754 596
10033 1788 7754 597
101 2385 9542 2386
102 0 7157 2385
103 2385 7157 2386
11 4771 9542 4771
12 0 4771 4771
13 4771 4771 4771
