264 9542 9542
0 1 0 7974 2336 48 0
1 1 2912 7894 1504 48 0
2 1 3504 8454 576 32 0
3 1 2944 8454 208 16 0
4 1 2944 8566 80 16 0
5 1 3184 8854 1360 16 0
6 1 4464 7878 1104 32 0
7 3 2850 9537 100 1060 0
8 3 4375 8842 110 1000 0
9 2 3088 9006 8 320 0
10 1 5632 7894 3080 48 0
11 1 8984 7998 560 40 0
12 1 9208 8294 160 16 0
13 1 8600 8374 184 16 0
14 2 9424 8510 8 288 0
15 3 5536 8094 104 256 0
16 1 2792 8134 200 16 0
17 1 5128 8254 360 8 0
18 1 5472 8134 208 8 0
19 1 4488 8094 72 8 0
20 24 4848 8254 280 72 0
21 24 4552 8190 320 96 0
22 24 8616 7998 368 104 0
23 24 4848 8014 416 136 1
24 24 4560 8094 304 88 1
25 1 7976 8454 168 8 0
26 1 6112 8334 1616 8 0
27 1 5600 8494 552 8 0
28 1 5264 8534 368 8 0
29 1 5616 8814 768 8 0
30 1 6368 8734 752 8 0
31 2 5392 9190 8 464 0
32 1 5024 9134 272 8 0
33 1 5480 9134 168 8 0
34 3 5016 9542 32 416 0
35 3 6104 8486 8 160 0
36 3 5272 9126 16 592 0
37 3 5624 9126 8 312 0
38 24 5560 8534 72 40 1
39 24 7680 8454 296 120 0
40 1 7000 9254 216 8 0
41 1 8712 9014 688 8 0
42 26 8448 9166 80 24 0
43 1 5936 9134 384 8 0
44 26 6896 8894 104 24 0
45 6 8776 9334 280 8 0
46 1 8576 9398 136 8 0
47 7 3088 7982 136 88 0
48 27 1664 7990 232 64 0
49 27 2024 7990 224 64 0
50 27 4032 7910 232 64 0
51 27 6152 7910 280 64 0
52 10 3048 8022 656 128 0
53 8 1160 8022 504 48 1
54 9 1624 8022 672 48 1
55 10 4048 8926 408 72 1
56 10 5520 8182 128 48 1
57 10 6608 7942 328 48 1
58 11 5008 8686 160 432 0
59 11 3664 8302 168 408 0
60 11 3472 9174 144 320 0
61 11 3888 9174 160 320 0
62 11 4208 9174 176 320 0
63 11 7536 8214 104 320 0
64 11 7888 8214 104 320 0
65 11 8016 8294 120 400 0
66 10 9064 8054 456 56 1
67 12 8296 8630 760 256 0
68 10 7976 8518 128 64 0
69 9 7200 8390 480 56 0
70 10 6344 8398 152 64 0
71 11 6608 8654 120 320 0
72 10 5808 8550 232 56 0
73 12 4832 9230 680 96 0
74 10 6552 8798 400 64 1
75 10 9040 9078 288 64 1
76 10 3744 8518 256 64 0
77 12 2296 8206 856 88 1
78 3 2792 8134 160 240 1
79 3 6352 8806 24 80 1
80 24 2248 8142 552 168 0
81 24 6040 8494 72 56 1
82 24 6304 8814 72 56 1
83 3 8576 9390 136 384 1
84 3 8608 9390 72 384 1
85 1 7208 9014 1400 8 1
86 3 7112 9246 96 520 1
87 24 7112 9254 96 40 1
88 11 3568 8374 96 480 0
89 11 3880 8742 104 224 0
90 11 3664 8742 120 216 0
91 3 9536 9542 8 1584 0
92 1 9400 9014 144 8 0
93 16 1696 8198 32 32 0
94 16 1760 8230 32 32 0
95 16 1824 8198 32 32 0
96 16 2048 8198 32 32 0
97 16 2112 8230 32 32 0
98 16 2176 8198 32 32 0
99 16 3040 8358 32 32 0
100 16 3136 8230 32 32 0
101 16 3104 8294 32 32 0
102 16 3296 8134 32 32 0
103 16 3360 8166 32 32 0
104 16 3424 8134 32 32 0
105 16 3488 8166 32 32 0
106 16 3552 8134 32 32 0
107 16 4000 8262 32 32 0
108 16 4000 8198 32 32 0
109 16 4224 8326 32 32 0
110 16 4288 8262 32 32 0
111 16 4288 8198 32 32 0
112 16 4064 8326 32 32 0
113 16 3520 8646 32 32 0
114 16 3136 8614 32 32 0
115 16 2976 8870 32 32 0
116 16 2976 8806 32 32 0
117 16 2976 8934 32 32 0
118 16 3008 8998 32 32 0
119 16 3552 9062 32 32 0
120 16 3616 9094 32 32 0
121 16 3680 9062 32 32 0
122 16 3968 9062 32 32 0
123 16 4032 9094 32 32 0
124 16 4096 9062 32 32 0
125 16 4576 9062 32 32 0
126 16 4640 9062 32 32 0
127 16 4704 8998 32 32 0
128 16 4736 8902 32 32 0
129 16 4736 8806 32 32 0
130 16 4736 8710 32 32 0
131 16 4736 8646 32 32 0
132 16 4736 8550 32 32 0
133 16 4864 8326 32 32 0
134 16 4512 8230 32 32 0
135 16 4544 8262 32 32 0
136 16 4576 8230 32 32 0
137 16 4800 8102 32 32 0
138 16 5024 8070 32 32 0
139 16 5760 8102 32 32 0
140 16 5760 8198 32 32 0
141 16 5760 8294 32 32 0
142 16 6272 8134 32 32 0
143 16 6208 8102 32 32 0
144 16 6336 8102 32 32 0
145 16 6688 8102 32 32 0
146 16 6752 8134 32 32 0
147 16 6816 8102 32 32 0
148 16 6976 8102 32 32 0
149 16 7040 8134 32 32 0
150 16 7104 8102 32 32 0
151 16 7680 8102 32 32 0
152 16 7744 8134 32 32 0
153 16 7808 8102 32 32 0
154 16 8192 8102 32 32 0
155 16 8256 8134 32 32 0
156 16 8320 8102 32 32 0
157 16 9280 8550 32 32 0
158 16 9120 8678 32 32 0
159 16 9024 8710 32 32 0
160 16 8928 8678 32 32 0
161 16 8384 8518 32 32 0
162 16 8224 8486 32 32 0
163 16 7872 8678 32 32 0
164 16 7808 8646 32 32 0
165 16 7712 8582 32 32 0
166 16 7072 8550 32 32 0
167 16 7008 8582 32 32 0
168 16 6944 8550 32 32 0
169 16 6848 8550 32 32 0
170 16 6784 8582 32 32 0
171 16 6720 8550 32 32 0
172 16 5856 8710 32 32 0
173 16 5728 8710 32 32 0
174 16 5792 8742 32 32 0
175 16 5280 9030 32 32 0
176 16 5632 8998 32 32 0
177 16 5664 9030 32 32 0
178 16 5696 8998 32 32 0
179 16 6688 9414 32 32 0
180 16 6624 9382 32 32 0
181 16 6592 9318 32 32 0
182 16 7216 9110 32 32 0
183 16 7616 9414 32 32 0
184 16 7680 9446 32 32 0
185 16 7744 9414 32 32 0
186 16 8576 9510 32 32 0
187 16 8640 9542 32 32 0
188 16 8704 9510 32 32 0
189 16 8640 9478 32 32 0
190 3 0 9542 8 1720 0
191 16 1088 8206 24 24 0
192 16 952 8206 24 24 0
193 16 1024 8246 24 24 0
194 2 4176 8662 8 648 0
195 21 4752 7958 32 48 0
196 21 6464 8598 32 48 0
197 21 6064 9366 32 48 0
198 18 3240 8614 64 112 0
199 18 4488 8078 64 112 0
200 18 8296 8670 64 112 0
201 18 5072 9414 64 112 0
202 18 6216 9070 64 112 0
203 19 4672 7942 32 32 0
204 19 5296 7990 32 32 0
205 19 5408 7990 32 32 0
206 19 5280 8950 32 32 0
207 19 5280 8870 32 32 0
208 19 5216 9318 32 32 0
209 19 6000 9318 32 32 0
210 19 6064 9286 32 32 0
211 19 6128 9318 32 32 0
212 23 5408 8342 48 96 0
213 23 7000 8422 48 96 0
214 23 7336 9102 48 96 0
215 6 8712 8774 768 8 0
216 3 5536 9126 96 224 0
217 22 6592 9158 64 64 0
218 25 8200 8398 80 24 0
219 25 3248 8438 96 24 0
220 5 5768 8454 16 440 0
221 15 7928 9134 88 120 0
222 30 4032 8022 48 128 0
223 30 4080 8022 48 128 0
224 30 4128 8022 48 128 0
225 30 4176 8022 48 128 0
226 30 4224 8022 48 128 0
227 30 6144 8022 48 128 0
228 30 6192 8022 48 128 0
229 30 6240 8022 48 128 0
230 30 6288 8022 48 128 0
231 30 6336 8022 48 128 0
232 30 6384 8022 48 128 0
233 26 6920 9102 96 24 0
234 27 928 7990 240 64 0
235 30 944 8094 40 120 0
236 30 984 8094 40 120 0
237 30 1024 8094 40 120 0
238 30 1064 8094 40 120 0
239 30 1104 8094 40 120 0
240 30 1680 8094 40 120 0
241 30 1720 8094 40 120 0
242 30 1760 8094 40 120 0
243 30 1800 8094 40 120 0
244 30 1840 8094 40 120 0
245 30 2032 8094 40 120 0
246 30 2072 8094 40 120 0
247 30 2112 8094 40 120 0
248 30 2152 8094 40 120 0
249 30 2192 8094 40 120 0
250 9 3184 8918 288 64 1
251 9 5976 7950 584 56 1
252 9 6936 7942 520 48 1
253 9 8136 7942 424 48 1
254 9 5640 8870 592 56 1
255 9 8712 9070 328 56 1
256 3 6296 9542 40 408 0
257 12 5936 9214 360 80 1
258 17 4856 8230 40 32 1
259 17 4000 8486 40 32 1
260 13 5568 8550 488 56 0
261 12 4576 8326 912 88 1
262 8 5288 8590 328 56 0
263 25 8400 8422 96 24 0
1 0 9542 9542
10 0 9542 4771
100 0 9542 2385
1000 0 9542 1192 190
1001 1192 9542 1193
1002 0 8350 1192
10020 0 8350 596
100200 0 8350 298 190
100201 298 8350 298
100202 0 8052 298 0 190
100203 298 8052 298 0
10021 596 8350 596
100210 596 8350 298
100211 894 8350 298 191 192 193 235 236 237 238 239
100212 596 8052 298 0
100213 894 8052 298 0 53 234 235 236 237 238 239
10022 0 7754 596
10023 596 7754 596
1003 1192 8350 1193
10030 1192 8350 596
100300 1192 8350 298
100301 1490 8350 298 93 94 240 241 242
100302 1192 8052 298 0 53
100303 1490 8052 298 0 48 53 54 240 241 242
10031 1788 8350 597
100310 1788 8350 298 94 95 96 242 243 244 245 246
100311 2086 8350 299 77 80 97 98 246 247 248 249
100312 1788 8052 298 0 48 49 54 242 243 244 245 246
100313 2086 8052 299 0 49 54 80 246 247 248 249
10032 1192 7754 596
10033 1788 7754 597
101 2385 9542 2386
1010 2385 9542 1193
10100 2385 9542 596 7
10101 2981 9542 597
101010 2981 9542 298
101011 3279 9542 299
101012 2981 9244 298 9 118
101013 3279 9244 299 60 119
10102 2385 8946 596
101020 2385 8946 298
101021 2683 8946 298 7 115 116 117
101022 2385 8648 298
101023 2683 8648 298 3 4 7
10103 2981 8946 597
101030 2981 8946 298 5 9 115 116 117 250
101031 3279 8946 299 5 60 250
101032 2981 8648 298 3 4 99 114 198 219
101033 3279 8648 299 2 88 113 198 219
1011 3578 9542 1193
10110 3578 9542 596
101100 3578 9542 298
101101 3876 9542 298
101102 3578 9244 298 60 119 120 121
101103 3876 9244 298 61 122 123 124
10111 4174 9542 597
101110 4174 9542 298
101111 4472 9542 299
101112 4174 9244 298 62
101113 4472 9244 299 125 126 127
10112 3578 8946 596
101120 3578 8946 298 5 60 90
101121 3876 8946 298 5 55 61 89
101122 3578 8648 298 2 76 88 90
101123 3876 8648 298 2 76 89 259
10113 4174 8946 597
101130 4174 8946 298 5 8 55 62 194
101131 4472 8946 299 5 8 128 129 130
101132 4174 8648 298 8 194
101133 4472 8648 299 8 131 132
1012 2385 8350 1193
10120 2385 8350 596
101200 2385 8350 298 77 80
101201 2683 8350 298 16 77 78 80
101202 2385 8052 298 80
101203 2683 8052 298 1 78 80
10121 2981 8350 597
101210 2981 8350 298 16 77 99 100 101
101211 3279 8350 299 88 102 103 104 105 106
101212 2981 8052 298 1 47 52
101213 3279 8052 299 1 52 88
10122 2385 7754 596
10123 2981 7754 597
1013 3578 8350 1193
10130 3578 8350 596
101300 3578 8350 298 59 88 106
101301 3876 8350 298 107 108 112
101302 3578 8052 298 1 52 59 88
101303 3876 8052 298 1 50 222 223 224
10131 4174 8350 597
101310 4174 8350 298 8 109 110 111 194
101311 4472 8350 299 8 19 21 24 134 135 136 199 261
101312 4174 8052 298 1 6 8 50 194 224 225 226
101313 4472 8052 299 6 8 24 195 199 203
10132 3578 7754 596
10133 4174 7754 597
102 0 7157 2385
103 2385 7157 2386
11 4771 9542 4771
110 4771 9542 2385
1100 4771 9542 1192
11000 4771 9542 596
110000 4771 9542 298 34
110001 5069 9542 298 201 208
110002 4771 9244 298 32 34 73
110003 5069 9244 298 32 36 73 175 206
11001 5367 9542 596
110010 5367 9542 298
110011 5665 9542 298
110012 5367 9244 298 31 33 37 73 176 177 216
110013 5665 9244 298 43 177 178 257
11002 4771 8946 596
110020 4771 8946 298 58
110021 5069 8946 298 36 58 206 207
110022 4771 8648 298 58
110023 5069 8648 298 28 36 58 262
11003 5367 8946 596
110030 5367 8946 298 29 31 37 216 254
110031 5665 8946 298 29 172 173 174 254
110032 5367 8648 298 27 28 38 260 262
110033 5665 8648 298 27 72 220 260
1101 5963 9542 1193
11010 5963 9542 596
110100 5963 9542 298 197 209 210 211
110101 6261 9542 298 256
110102 5963 9244 298 43 202 257
110103 6261 9244 298 43 202 256 257
11011 6559 9542 597
110110 6559 9542 298 179 180 181
110111 6857 9542 299 40 86 87
110112 6559 9244 298 217
110113 6857 9244 299 86 87 233
11012 5963 8946 596
110120 5963 8946 298 29 254
110121 6261 8946 298 29 30 74 79 82
110122 5963 8648 298 27 35 72 81 260
110123 6261 8648 298 70 196
11013 6559 8946 597
110130 6559 8946 298 30 71 74
110131 6857 8946 299 30 44 74 86
110132 6559 8648 298 71 169 170 171
110133 6857 8648 299 166 167 168 169 213
1102 4771 8350 1192
11020 4771 8350 596
110200 4771 8350 298 20 21 24 58 133 137 138 258 261
110201 5069 8350 298 17 20 58 261
110202 4771 8052 298 6 23 24 138 195
110203 5069 8052 298 6 23 204
11021 5367 8350 596
110210 5367 8350 298 15 17 18 56 212 261
110211 5665 8350 298 18 139 140 141 220
110212 5367 8052 298 6 10 15 205
110213 5665 8052 298 10 220
11022 4771 7754 596
11023 5367 7754 596
1103 5963 8350 1193
11030 5963 8350 596
110300 5963 8350 298 26 35 143
110301 6261 8350 298 26 70 142 144
110302 5963 8052 298 10 51 227 228 229 251
110303 6261 8052 298 10 51 229 230 231 232 251
11031 6559 8350 597
110310 6559 8350 298 26 71 145 146 147
110311 6857 8350 299 26 148 149 150 213
110312 6559 8052 298 10 57 251
110313 6857 8052 299 10 57 252
11032 5963 7754 596
11033 6559 7754 597
111 7156 9542 2386
1110 7156 9542 1193
11100 7156 9542 596
111000 7156 9542 298 40 86 87
111001 7454 9542 298 183 184 185
111002 7156 9244 298 85 86 87 182 214
111003 7454 9244 298 85
11101 7752 9542 597
111010 7752 9542 298 185
111011 8050 9542 299
111012 7752 9244 298 85 221
111013 8050 9244 299 85
11102 7156 8946 596
111020 7156 8946 298 86
111021 7454 8946 298
111022 7156 8648 298 69
111023 7454 8648 298 39 69 165
11103 7752 8946 597
111030 7752 8946 298 163
111031 8050 8946 299 200
111032 7752 8648 298 25 39 68 163 164
111033 8050 8648 299 25 67 68 162 200 218
1111 8349 9542 1193
11110 8349 9542 596
111100 8349 9542 298 46 83 84 186 187 189
111101 8647 9542 298 45 46 83 84 187 188 189
111102 8349 9244 298 42 83 84 85
111103 8647 9244 298 41 83 84 255
11111 8945 9542 597
111110 8945 9542 298 45
111111 9243 9542 299 91
111112 8945 9244 298 41 75 255
111113 9243 9244 299 41 75 91 92
11112 8349 8946 596
111120 8349 8946 298 200
111121 8647 8946 298 160 215
111122 8349 8648 298 13 67 161 200 263
111123 8647 8648 298 13 67 160
11113 8945 8946 597
111130 8945 8946 298 158 159 160 215
111131 9243 8946 299 91 215
111132 8945 8648 298 67 158 160
111133 9243 8648 299 14 91 157
1112 7156 8350 1193
11120 7156 8350 596
111200 7156 8350 298 26 69
111201 7454 8350 298 26 39 63 69 151 152
111202 7156 8052 298 10 252
111203 7454 8052 298 10 63 252
11121 7752 8350 597
111210 7752 8350 298 39 64 65 152 153
111211 8050 8350 299 65 154 155 156
111212 7752 8052 298 10 64 65
111213 8050 8052 299 10 65 253
11122 7156 7754 596
11123 7752 7754 597
1113 8349 8350 1193
11130 8349 8350 596
111300 8349 8350 298 156
111301 8647 8350 298
111302 8349 8052 298 10 22 253
111303 8647 8052 298 10 22
11131 8945 8350 597
111310 8945 8350 298 12 66
111311 9243 8350 299 12 14 66 91
111312 8945 8052 298 11 22 66
111313 9243 8052 299 11 66 91
11132 8349 7754 596
11133 8945 7754 597
112 4771 7157 2385
113 7156 7157 2386
12 0 4771 4771
13 4771 4771 4771
